Sample	Metabolite	Peak index	Isotopic cluster	Isotopologue distribution	Residuum	Mean enrichment
Sample_1	Fum	0	376000.0	0.42733	0.0	0.2849
		1	235000.0	0.24642	0.0
		2	127000.0	0.12782	1.58001251122e-17
		3	143000.0	0.15603	0.0
		4	40000.0	0.04241	0.0
	OA	No data.
	aKG	0	761000.0	0.62953	-2.17671802068e-07	0.145
		1	95100.0	0.03662	-9.31538930407e-07
		2	391000.0	0.31334	3.63300257185e-05
		3	39300.0	0.02051	9.2719432754e-05
		4	0.0	0.0	-0.00368384084381
		5	0.0	0.0	-0.000311213068283
	G3P	0	715000.0	0.51644	3.25682813895e-16	0.2247
		1	557000.0	0.38703	2.44262110422e-16
		2	24800.0	0.00254	3.78351831455e-15
		3	133000.0	0.09399	-3.92854894261e-15
	2/3PG	0	1430000.0	0.27276	-1.30779241895e-16	0.3471
		1	2920000.0	0.55802	8.71861612634e-17
		2	226000.0	0.02451	-8.17370261844e-17
		3	765000.0	0.14471	2.17965403158e-17
	E4P	0	854.0	0.03802	4.47903473002e-15	0.3788
		1	10200.0	0.50575	6.97465262096e-16
		2	7760.0	0.37111	-4.79507367691e-16
		3	1730.0	0.07326	-3.77067157321e-15
		4	320.0	0.01186	-3.32658236336e-15
Sample_2	Fum	0	376000.0	0.42733	0.0	0.2849
		1	235000.0	0.24642	0.0
		2	127000.0	0.12782	1.58001251122e-17
		3	143000.0	0.15603	0.0
		4	40000.0	0.04241	0.0
	OA	No data.
	aKG	0	761000.0	0.62953	-2.17671802068e-07	0.145
		1	95100.0	0.03662	-9.31538930407e-07
		2	391000.0	0.31334	3.63300257185e-05
		3	39300.0	0.02051	9.2719432754e-05
		4	0.0	0.0	-0.00368384084381
		5	0.0	0.0	-0.000311213068283
	G3P	0	715000.0	0.51644	3.25682813895e-16	0.2247
		1	557000.0	0.38703	2.44262110422e-16
		2	24800.0	0.00254	3.78351831455e-15
		3	133000.0	0.09399	-3.92854894261e-15
	2/3PG	0	1430000.0	0.27276	-1.30779241895e-16	0.3471
		1	2920000.0	0.55802	8.71861612634e-17
		2	226000.0	0.02451	-8.17370261844e-17
		3	765000.0	0.14471	2.17965403158e-17
	E4P	0	854.0	0.03802	4.47903473002e-15	0.3788
		1	10200.0	0.50575	6.97465262096e-16
		2	7760.0	0.37111	-4.79507367691e-16
		3	1730.0	0.07326	-3.77067157321e-15
		4	320.0	0.01186	-3.32658236336e-15
